>seq10760
ATCTTCCTAATTGGGGGGGGGGACCATACTAATCTTAGTTACCGCTAACAACCTATTCCAACTGTTCATCGGxxxxxxxxxxAAGTAGCATCCGTACTATACTTCACAACAATCCTAATCCTAATACCAACTCCCCCCCCCCATCTCCCTAATT
xxxxxx..................................................................xxxxxxxxxx............................................................xxxxxxxxxxxx