>seq2134
GAGCCAAAGCGGGGGGGGGGTAAGACCCCCGAAACCAGACGAGCTACCTAAGAACAGCTAAAAGAGCACAxxxxxxxxxxTTCTACCCTAGCATCACACACCGCACAATCCCCTATCTAGGCCTTCTTACCCCCCCCCCCGAGCCAAAAC
xxxxx.................................................................xxxxxxxxxx............................................................xxxxxxxxxx