>seq4974
CATAATAGCTGGGGGGGGGGATAGCAATAAAACTAGGAATAGCCCCCTTTCACTTCTGAGTCCCAGAGGTxxxxxxxxxxGCCCAAGAACTATCAAACTCCTGAGCCAACAACTTAATATGACTAGCTTACCCCCCCCCCCACAATAGCT
xxxxx.................................................................xxxxxxxxxx............................................................xxxxxxxxxx