>seq5861
ACTCATCGCCCTGGGGGGGGGGTACCACGCTACTCCTACCTATCTCCCCTTTTATACTAATAATCTTATAGAxxxxxxxxxxAACGCAGGCACATACTTCCTATTCTACACCCTAGTAGGCTCCCTTCCCCTCCCCCCCCCCACTCATCGCACT
xxxxxx..................................................................xxxxxxxxxx............................................................xxxxxxxxxxxx