>seq5991
CAAAGCCCTCGGGGGGGGGGAGTAAGTTGCAATACTTAATTTCTGTAACAGCTAAGGACTGCAAAACCCCxxxxxxxxxxCTACGACAAACAGACCTAAAATCGCTCATTGCATACTCTTCAATCAGCCACCCCCCCCCCCATAGCCCTC
xxxxx.................................................................xxxxxxxxxx............................................................xxxxxxxxxx