>seq10961
GGGGGGGGGGATCAAAAAAATCGTAGCCTTCTCCACTTCAAGTCAACTAGGACTCATAATAGTTACAATCxxxxxxxxxxTAGCCATCGCTGTAGTATATCCAAAGACAACCATCATTCCCCCTAAATAAATTAAAAAAACCCCCCCCCC
......................................................................xxxxxxxxxx..................................................xxxxxxxxxx..........