>seq11226
GGGGGGGGGGATTCTACCCTAGCATCACACACCGCACAATCCCCTATCTAGGCCTTCTTACGAGCCAAAACCTxxxxxxxxxxCTTAATGACATTAACACTATTCTCACCAGACCTCCTAGGCGACCCAGACAATTATACCCTAGCCCCCCCCCCC
.........................................................................xxxxxxxxxx..................................................xxxxxxxxxxxxx..........