>seq2958
GGGGGGGGGGCCAATAACTTGACCAACGGAACAAGTTACCCTAGGGATAACAGCGCAATCCTATTCTAGAxxxxxxxxxxAAACATTCTACTACTCACTCTCACTGCCCAAGAACTATCAAACTCCTGAGCCAACAACTTCCCCCCCCCC
......................................................................xxxxxxxxxx..................................................xxxxxxxxxx..........