>seq3722
GGGGGGGGGGTCTAGCCTAGCCGTTTACTCAATCCTCTGATCAGGGTGAGCATCAAACTCAAACTACGCCCxxxxxxxxxxTAAAATAAAATCCCCACTATGCACATTTTATTTCTCCAACATACTCGGATTCTACCCTAGCCCCCCCCCCC
.......................................................................xxxxxxxxxx..................................................xxxxxxxxxxx..........