>seq4480
GGGGGGGGGGTCTGATAAAAGAGTTACTTTGATAGAGTAAATAATAGGAGCTTAAACCCCCTTATTTCTAxxxxxxxxxxTATTCTTGCACGAAACGGGATCAAACAACCCCCTAGGAATCACCTCCCATTCCGATAAAACCCCCCCCCC
......................................................................xxxxxxxxxx..................................................xxxxxxxxxx..........