>seq6595
GGGGGGGGGGATCAATTTCATCACAACAATTATCAATATAAAACCCCCTGCCATAACCCAATACCAAACGxxxxxxxxxxACTGATTTCCCCTATTCTCAGGCTACACCCTAGACCAAACCTACGCCAAAATCCATTTCACCCCCCCCCC
......................................................................xxxxxxxxxx..................................................xxxxxxxxxx..........