>seq7002
GGGGGGGGGGGCAAACTCATCACTAGACATCGTACTACACGACACGTACTACGTTGTAGCCCACTTCCACxxxxxxxxxxGACAACAGAGGCTTACGACCCCTTATTTACCGAGAAAGCTCACAAGAACTGCTAACTCATCCCCCCCCCC
......................................................................xxxxxxxxxx..................................................xxxxxxxxxx..........