>seq7607
GGGGGGGGGGACTAATACTAACATCTCAGACGCTCAGGAAATAGAAACCGTCTGAACTATCCTGCCCGCCxxxxxxxxxxATACTAGTATATCGCTCACACCTCATATCCTCCCTACTATGCCTAGAAGGAATAATACTACCCCCCCCCC
......................................................................xxxxxxxxxx..................................................xxxxxxxxxx..........