>seq3092
TACTTCACAAAGCGCCTTCCCCCGTAAATGATATCATCTCAACTTAGTATTATACCCACACCCACCCAAGAACAGGGTTTGTTAAGATGGCAGAGCCCGGTAATCGCATAAAACTTAAAACTTTACAGTCAGAGGTTCAATTCCTCTTCTTAACAACATACCCATGGCCAACCTCCTACTCCTCATTGTACCCATTCTAATCGCAATGGCATTCCTAATGCTTACCGAACGAAAAATTCTAGGCTATATACAACTACGCAAAGGCCCCAACGTTGTAGGCCCCTACGGGCTACTACAACCCTTCGCTGACxxxxxxxxxxCATCTCAGACGCTCAGGAAATAGAAACCGTCTGAACTATCCTGCCCGCCATCATCCTAGTCCTCATCGCCCTCCCATCCCTACGCATCCTTTACATAACAGACGAGGTCAACGATCCCTCCCTTACCATCAAATCAATTGGCCACCAATGGTACTGAACCTACGAGTACACCGACTACGGCGGACTAATCTTCAACTCCTACATACTTCCCCCATTATTCCTAGAACCAGGCGACCTGCGACTCCTTGACGTTGACAATCGAGTAGTACTCCCGATTGAAGCCCCCATTCGTATAATAATTACATCACAA
xxxxx.................................................................................................................................................................................................................................................................................................................xxxxxxxxxx............................................................................................................................................................................................................................................................................................................xxxxxxxxxx