>seq3584
ACCCCCCTCCCCATACCCAACCCCCTGGTCAACCTCAACCTAGGCCTCCTATTTATTCTAGCCACCTCTAGCCTAGCCGTTTACTCAATCCTCTGATCAGGGTGAGCATCAAACTCAAACTACGCCCTGATCGGCGCACTGCGAGCAGTAGCCCAAACAATCTCATATGAAGTCACCCTAGCCATCATTCTACTATCAACATTACTAATAAGTGGCTCCTTTAACCTCTCCACCCTTATCACAACACAAGAACACCTCTGATTACTCCTGCCATCATGACCCTTGGCCATAATATGATTTATCTCCACACxxxxxxxxxxGCCCCTACTCCTCCTAGACCTAACCTGACTAGAAAAGCTATTACCTAAAACAATTTCACAGCACCAAATCTCCACCTCCATCATCACCTCAACCCAAAAAGGCATAATTAAACTTTACTTCCTCTCTTTCTTCTTCCCACTCATCCTAACCCTACTCCTAATCACATAACCTATTCCCCCGAGCAATCTCAATTACAATATATACACCAACAAACAATGTTCAACCAGTAACTACTACTAATCAACGCCCATAATCATACAAAGCCCCCGCACCAATAGGATCCTCCCGAATCAACCCTGACCCCTCTCC
xxxxx.................................................................................................................................................................................................................................................................................................................xxxxxxxxxx............................................................................................................................................................................................................................................................................................................xxxxxxxxxx