>seq6612
CACAACAATTATCAATATAAAACCCCCTGCCATAACCCAATACCAAACGCCCCTCTTCGTCTGATCCGTCCTAATCACAGCAGTCCTACTTCTCCTATCTCTCCCAGTCCTAGCTGCTGGCATCACTATACTACTAACAGACCGCAACCTCAACACCACCTTCTTCGACCCCGCCGGAGGAGGAGACCCCATTCTATACCAACACCTATTCTGATTTTTCGGTCACCCTGAAGTTTATATTCTTATCCTACCAGGCTTCGGAATAATCTCCCATATTGTAACTTACTACTCCGGAAAAAAAGAACCATTTxxxxxxxxxxTCCACGGAAGCAATATGAAATGATCTGCTGCAGTGCTCTGAGCCCTAGGATTCATCTTTCTTTTCACCGTAGGTGGCCTGACTGGCATTGTATTAGCAAACTCATCACTAGACATCGTACTACACGACACGTACTACGTTGTAGCCCACTTCCACTATGTCCTATCAATAGGAGCTGTATTTGCCATCATAGGAGGCTTCATTCACTGATTTCCCCTATTCTCAGGCTACACCCTAGACCAAACCTACGCCAAAATCCATTTCACTATCATATTCATCGGCGTAAATCTAACTTTCTTCCCACAACACTT
xxxxx.................................................................................................................................................................................................................................................................................................................xxxxxxxxxx............................................................................................................................................................................................................................................................................................................xxxxxxxxxx