>seq9744
TAAAACTAATCGTCCCAACAATTATATTACTACCACTGACATGACTTTCCAAAAAACACATAATTTGAATCAACACAACCACCCACAGCCTAATTATTAGCATCATCCCTCTACTATTTTTTAACCAAATCAACAACAACCTATTTAGCTGTTCCCCAACCTTTTCCTCCGACCCCCTAACAACCCCCCTCCTAATACTAACTACCTGACTCCTACCCCTCACAATCATGGCAAGCCAACGCCACTTATCCAGTGAACCACTATCACGAAAAAAACTCTACCTCTCTATACTAATCTCCCTACAAATCTCxxxxxxxxxxCAACCATCATTCCCCCTAAATAAATTAAAAAAACTATTAAACCCATATAACCTCCCCCAAAATTCAGAATAATAACACACCCGACCACACCGCTAACAATCAATACTAAACCCCCATAAATAGGAGAAGGCTTAGAAGAAAACCCCACAAACCCCATTACTAAACCCACACTCAACAGAAACAAAGCATACATCATTATTCTCGCACGGACTACAACCACGACCAATGATATGAAAAACCATCGTTGTATTTCAACTACAAGAACACCAATGACCCCAATACGCAAAACTAACCCCCTAATAAAATTAAT
xxxxx.................................................................................................................................................................................................................................................................................................................xxxxxxxxxx............................................................................................................................................................................................................................................................................................................xxxxxxxxxx