	5621	5821	6021	6221	6421	6621	6821	7021	7221	7421	7621	7821	8021	8221	8421	8621	8821	9021	9221	9421	9621	9821	10021	10221	10421	10621	10821	11021	11221	11421	11621	11821	12021	12221	12421	12621	12821	13021	13221	13421	13621	13821	14021	14221	14421	14621	14821	15021	15221	15421	15621	15821	16021
5621	0	0	0	0	0	0	0	0	0	0	0	0	0	0	0	0	0	0	0	0	0	0	0	0	0	0	0	0	0	0	0	0	0	0	0	0	0	0	0	0	0	0	0	0	0	0	0	0	0	0	0	0	0
5821	0	0	0	0	154	138	295	52	63	90	41	73	59	59	41	48	487	274	343	342	410	353	134	377	244	383	276	249	441	431	145	385	218	385	83	247	223	341	453	55	525	423	355	65	423	126	239	252	333	340	371	282	63
6021	0	0	0	81	83	57	308	168	188	85	128	241	226	175	53	189	340	173	43	222	141	78	135	93	156	154	175	166	210	268	331	340	281	155	295	153	388	418	279	333	319	287	202	283	125	475	281	252	344	273	357	284	24
6221	0	0	81	36	34	414	556	314	248	419	510	454	250	435	208	108	123	89	177	275	107	148	116	46	142	155	280	114	145	302	181	210	210	277	83	143	200	203	207	126	175	169	151	103	162	98	229	241	205	187	189	135	20
6421	0	154	83	34	130	123	416	235	233	373	194	302	172	179	275	313	205	179	368	225	300	246	105	328	259	218	85	149	83	134	163	84	125	46	71	183	139	92	105	136	123	67	273	102	328	382	435	158	274	250	385	216	49
6621	0	138	57	414	123	784	348	292	595	386	613	643	405	603	677	439	533	454	442	440	531	377	769	436	347	366	423	318	337	487	183	650	330	448	372	339	448	478	468	309	361	403	398	286	588	410	460	436	498	388	417	373	75
6821	0	295	308	556	416	348	580	282	143	506	732	630	548	655	417	490	600	314	665	631	653	476	471	672	363	492	378	526	552	474	581	576	664	623	410	544	672	627	503	537	339	384	369	298	338	279	600	323	490	459	340	397	58
7021	0	52	168	314	235	292	282	64	101	117	148	430	286	352	259	168	314	226	452	445	299	309	454	310	297	218	198	182	131	392	217	334	166	395	179	177	459	110	296	274	354	344	231	172	268	166	332	399	402	268	466	20	0
7221	0	63	188	248	233	595	143	101	126	32	172	283	236	125	141	58	291	198	228	138	257	285	247	213	354	240	140	255	378	176	267	384	234	248	214	275	116	331	194	286	199	138	213	63	132	87	361	169	218	222	128	190	95
7421	0	90	85	419	373	386	506	117	32	96	141	183	409	413	236	70	566	325	251	557	405	292	186	332	376	377	375	227	452	384	370	533	359	438	202	144	317	468	410	303	452	463	261	176	122	268	348	314	293	442	361	289	59
7621	0	41	128	510	194	613	732	148	172	141	18	113	211	281	159	248	375	237	265	438	400	115	352	239	324	455	88	295	193	424	160	462	357	299	155	122	421	350	299	246	303	417	200	13	279	205	436	372	431	347	203	344	83
7821	0	73	241	454	302	643	630	430	283	183	113	146	194	139	379	331	485	360	406	557	395	388	137	307	375	465	310	346	522	479	375	490	353	483	222	409	229	302	432	424	590	423	312	234	317	471	586	358	561	319	563	300	33
8021	0	59	226	250	172	405	548	286	236	409	211	194	82	127	109	177	376	247	279	132	235	136	95	270	147	246	260	171	299	439	162	110	232	198	115	101	389	166	201	249	241	158	180	155	137	197	181	246	242	273	195	154	22
8221	0	59	175	435	179	603	655	352	125	413	281	139	127	88	11	63	494	293	276	293	337	179	538	332	413	402	106	205	278	438	283	368	68	297	45	144	365	380	352	368	301	255	95	31	190	92	46	140	560	286	199	397	70
8421	0	41	53	208	275	677	417	259	141	236	159	379	109	11	0	0	108	371	95	301	220	309	247	301	136	322	154	7	63	317	275	141	191	43	87	162	333	64	276	284	271	152	28	0	128	113	257	392	268	266	165	122	75
8621	0	48	189	108	313	439	490	168	58	70	248	331	177	63	0	0	113	111	186	438	423	353	332	370	295	266	189	244	327	480	248	363	242	248	259	267	334	441	369	309	157	165	134	53	296	93	249	263	415	194	370	398	107
8821	0	487	340	123	205	533	600	314	291	566	375	485	376	494	108	113	96	68	208	359	302	330	355	375	394	370	234	105	483	379	315	530	189	368	120	197	446	327	328	152	354	294	88	53	66	184	320	262	497	250	379	207	34
9021	0	274	173	89	179	454	314	226	198	325	237	360	247	293	371	111	68	136	99	184	279	310	275	128	372	276	97	58	337	304	145	283	39	262	157	365	399	436	241	153	345	181	26	0	241	475	294	275	281	176	85	248	78
9221	0	343	43	177	368	442	665	452	228	251	265	406	279	276	95	186	208	99	114	82	103	328	243	486	436	353	383	357	305	525	340	491	363	454	344	312	353	393	323	439	425	318	409	255	416	373	516	323	521	112	440	350	95
9421	0	342	222	275	225	440	631	445	138	557	438	557	132	293	301	438	359	184	82	78	139	74	246	286	317	367	269	201	366	341	316	385	174	268	116	225	552	347	348	223	316	338	155	93	231	132	465	258	219	195	525	246	5
9621	0	410	141	107	300	531	653	299	257	405	400	395	235	337	220	423	302	279	103	139	104	108	110	287	266	329	154	233	350	365	362	184	240	537	341	183	351	465	248	438	424	361	336	223	355	605	548	310	271	451	370	463	53
9821	0	353	78	148	246	377	476	309	285	292	115	388	136	179	309	353	330	310	328	74	108	42	97	152	201	296	353	225	118	374	310	206	481	114	156	149	344	187	336	204	186	266	166	261	348	447	309	204	316	186	313	279	31
10021	0	134	135	116	105	769	471	454	247	186	352	137	95	538	247	332	355	275	243	246	110	97	64	157	103	495	166	99	206	411	143	517	167	382	303	145	347	458	363	160	488	367	166	194	175	242	304	379	374	323	389	338	46
10221	0	377	93	46	328	436	672	310	213	332	239	307	270	332	301	370	375	128	486	286	287	152	157	18	152	312	173	94	341	389	276	312	309	355	334	162	547	403	365	377	118	217	368	48	236	272	413	244	463	229	345	399	57
10421	0	244	156	142	259	347	363	297	354	376	324	375	147	413	136	295	394	372	436	317	266	201	103	152	62	118	53	110	463	496	413	194	273	432	310	237	465	407	331	263	247	288	160	106	221	320	304	376	343	224	466	193	9
10621	0	383	154	155	218	366	492	218	240	377	455	465	246	402	322	266	370	276	353	367	329	296	495	312	118	74	32	42	216	203	162	160	81	156	157	136	309	239	168	234	149	163	68	47	131	136	429	244	227	153	229	137	15
10821	0	276	175	280	85	423	378	198	140	375	88	310	260	106	154	189	234	97	383	269	154	353	166	173	53	32	0	0	19	404	139	351	76	349	6	147	278	331	107	307	83	27	41	0	17	14	114	159	472	82	152	273	84
11021	0	249	166	114	149	318	526	182	255	227	295	346	171	205	7	244	105	58	357	201	233	225	99	94	110	42	0	20	79	129	321	422	248	197	318	200	496	290	329	335	364	319	75	2	244	150	343	286	374	163	405	292	71
11221	0	441	210	145	83	337	552	131	378	452	193	522	299	278	63	327	483	337	305	366	350	118	206	341	463	216	19	79	14	120	128	300	223	570	225	308	406	332	346	285	429	244	306	70	460	298	308	287	401	364	490	497	93
11421	0	431	268	302	134	487	474	392	176	384	424	479	439	438	317	480	379	304	525	341	365	374	411	389	496	203	404	129	120	48	151	136	56	168	172	187	306	287	345	328	250	293	91	68	316	145	523	302	361	349	215	256	30
11621	0	145	331	181	163	183	581	217	267	370	160	375	162	283	275	248	315	145	340	316	362	310	143	276	413	162	139	321	128	151	154	0	90	224	211	336	336	319	288	190	147	97	25	48	181	180	237	168	301	143	345	213	79
11821	0	385	340	210	84	650	576	334	384	533	462	490	110	368	141	363	530	283	491	385	184	206	517	312	194	160	351	422	300	136	0	80	58	103	285	209	497	338	18	194	293	243	0	42	233	204	41	222	495	159	213	306	54
12021	0	218	281	210	125	330	664	166	234	359	357	353	232	68	191	242	189	39	363	174	240	481	167	309	273	81	76	248	223	56	90	58	38	132	63	430	578	319	561	384	498	256	411	202	463	194	527	348	548	276	529	343	73
12221	0	385	155	277	46	448	623	395	248	438	299	483	198	297	43	248	368	262	454	268	537	114	382	355	432	156	349	197	570	168	224	103	132	16	94	150	79	125	260	192	161	198	108	97	147	204	265	137	341	154	125	165	34
12421	0	83	295	83	71	372	410	179	214	202	155	222	115	45	87	259	120	157	344	116	341	156	303	334	310	157	6	318	225	172	211	285	63	94	82	57	41	311	325	131	172	416	60	0	189	376	351	143	292	78	261	360	105
12621	0	247	153	143	183	339	544	177	275	144	122	409	101	144	162	267	197	365	312	225	183	149	145	162	237	136	147	200	308	187	336	209	430	150	57	28	153	256	362	355	660	224	456	385	396	468	490	349	290	383	614	329	27
12821	0	223	388	200	139	448	672	459	116	317	421	229	389	365	333	334	446	399	353	552	351	344	347	547	465	309	278	496	406	306	336	497	578	79	41	153	164	183	160	410	332	307	188	66	295	131	537	230	563	172	282	268	74
13021	0	341	418	203	92	478	627	110	331	468	350	302	166	380	64	441	327	436	393	347	465	187	458	403	407	239	331	290	332	287	319	338	319	125	311	256	183	100	152	197	220	284	81	197	171	448	340	189	190	350	417	279	64
13221	0	453	279	207	105	468	503	296	194	410	299	432	201	352	276	369	328	241	323	348	248	336	363	365	331	168	107	329	346	345	288	18	561	260	325	362	160	152	28	73	172	156	93	79	252	202	273	80	463	148	182	108	11
13421	0	55	333	126	136	309	537	274	286	303	246	424	249	368	284	309	152	153	439	223	438	204	160	377	263	234	307	335	285	328	190	194	384	192	131	355	410	197	73	70	40	128	67	43	288	210	399	218	234	122	447	408	54
13621	0	525	319	175	123	361	339	354	199	452	303	590	241	301	271	157	354	345	425	316	424	186	488	118	247	149	83	364	429	250	147	293	498	161	172	660	332	220	172	40	0	59	37	143	157	173	301	308	272	237	347	330	19
13821	0	423	287	169	67	403	384	344	138	463	417	423	158	255	152	165	294	181	318	338	361	266	367	217	288	163	27	319	244	293	97	243	256	198	416	224	307	284	156	128	59	0	0	28	126	57	341	223	229	107	290	76	14
14021	0	355	202	151	273	398	369	231	213	261	200	312	180	95	28	134	88	26	409	155	336	166	166	368	160	68	41	75	306	91	25	0	411	108	60	456	188	81	93	67	37	0	0	0	25	101	187	174	300	76	78	191	70
14221	0	65	283	103	102	286	298	172	63	176	13	234	155	31	0	53	53	0	255	93	223	261	194	48	106	47	0	2	70	68	48	42	202	97	0	385	66	197	79	43	143	28	0	0	0	57	306	238	409	50	136	267	44
14421	0	423	125	162	328	588	338	268	132	122	279	317	137	190	128	296	66	241	416	231	355	348	175	236	221	131	17	244	460	316	181	233	463	147	189	396	295	171	252	288	157	126	25	0	0	27	175	346	337	181	191	273	119
14621	0	126	475	98	382	410	279	166	87	268	205	471	197	92	113	93	184	475	373	132	605	447	242	272	320	136	14	150	298	145	180	204	194	204	376	468	131	448	202	210	173	57	101	57	27	0	155	149	170	198	159	351	113
14821	0	239	281	229	435	460	600	332	361	348	436	586	181	46	257	249	320	294	516	465	548	309	304	413	304	429	114	343	308	523	237	41	527	265	351	490	537	340	273	399	301	341	187	306	175	155	150	98	221	205	614	370	61
15021	0	252	252	241	158	436	323	399	169	314	372	358	246	140	392	263	262	275	323	258	310	204	379	244	376	244	159	286	287	302	168	222	348	137	143	349	230	189	80	218	308	223	174	238	346	149	98	104	186	121	263	154	9
15221	0	333	344	205	274	498	490	402	218	293	431	561	242	560	268	415	497	281	521	219	271	316	374	463	343	227	472	374	401	361	301	495	548	341	292	290	563	190	463	234	272	229	300	409	337	170	221	186	80	105	278	334	80
15421	0	340	273	187	250	388	459	268	222	442	347	319	273	286	266	194	250	176	112	195	451	186	323	229	224	153	82	163	364	349	143	159	276	154	78	383	172	350	148	122	237	107	76	50	181	198	205	121	105	144	123	111	12
15621	0	371	357	189	385	417	340	466	128	361	203	563	195	199	165	370	379	85	440	525	370	313	389	345	466	229	152	405	490	215	345	213	529	125	261	614	282	417	182	447	347	290	78	136	191	159	614	263	278	123	20	0	0
15821	0	282	284	135	216	373	397	20	190	289	344	300	154	397	122	398	207	248	350	246	463	279	338	399	193	137	273	292	497	256	213	306	343	165	360	329	268	279	108	408	330	76	191	267	273	351	370	154	334	111	0	0	0
16021	0	63	24	20	49	75	58	0	95	59	83	33	22	70	75	107	34	78	95	5	53	31	46	57	9	15	84	71	93	30	79	54	73	34	105	27	74	64	11	54	19	14	70	44	119	113	61	9	80	12	0	0	0